53.5597669235
57.0605120963
116.357351116
56.4822429695
23.421691389
77.3493952786
61.3379179939
42.5607602111
40.246657358
34.2043501679
43.0532189688
83.217166316
83.6580546747
39.6153770779
71.1345930485
137.081422414
70.2700644392
101.797781753
5.80129616876
66.7499223753
27.6740282779
45.0003936744
48.6411823604
71.5328293386
29.6106163691
42.1042440425
84.4911519764
73.8763728496
70.7432097589
97.1106626329
39.1840332691
37.4762911878
78.2087680368
39.2927540533
68.1577178672
55.5775648411
83.1392051545
90.1591253668
94.3716022972
20.6708399464
66.199460476
118.157193954
66.2608082078
55.0736942791
14.5891295863
6.34020508589
81.2637473444
27.5524231914
18.4033387886
126.648615659
6.98409999821
130.870732272
64.9965196447
95.476552448
74.5367839288
97.2801124391
74.0328680768
42.856104513
127.095910502
108.418384465
98.8326902388
26.559984846
44.3905700979
110.559259433
91.5989762223
82.0623727735
57.164071567
118.319764796
133.159644447
106.010525973
97.0686344445
69.3938023302
70.933593102
44.1765691114
54.8509473106
