0 0.149630359272
1 11.3719073047
2 22.5941842501
3 33.8164611956
4 45.038738141
5 56.2610150864
6 67.4832920319
7 78.7055689773
8 89.9278459227
9 101.150122868
10 112.372399814
11 123.594676759
12 134.816953704
13 146.03923065
14 157.261507595
15 168.483784541
16 179.706061486
17 190.928338432
18 202.150615377
19 213.372892322
20 224.595169268
21 235.817446213
22 247.039723159
23 258.262000104
24 269.48427705
25 280.706553995
26 291.928830941
27 303.151107886
28 314.373384831
29 325.595661777
30 336.817938722
31 348.040215668
32 359.262492613
33 370.484769559
34 381.707046504
35 392.929323449
36 404.151600395
37 415.37387734
38 426.596154286
39 437.818431231
40 449.040708177
41 460.262985122
42 471.485262067
43 482.707539013
44 493.929815958
45 505.152092904
46 516.374369849
47 527.596646795
48 538.81892374
49 550.041200685
50 561.263477631
51 572.485754576
52 583.708031522
53 594.930308467
54 606.152585413
55 617.374862358
56 628.597139303
57 639.819416249
58 651.041693194
59 662.811508475
60 715.099160569
61 767.386812663
62 819.674464756
63 871.96211685
64 924.249768944
65 976.537421037
66 1028.82507313
67 1081.11272522
68 1133.40037732
69 1185.68802941
70 1237.97568151
71 1290.2633336
72 1342.55098569
73 1394.83863779
74 1447.12628988
75 1499.41394197
76 1551.70159407
77 1603.98924616
78 1656.27689826
79 1708.17759423
80 1731.44353699
81 1754.70947976
82 1777.97542252
83 1801.24136529
84 1824.50730806
85 1847.77325082
86 1871.03919359
87 1894.30513636
88 1917.57107912
89 1940.83702189
90 1964.10296466
91 1987.36890742
92 2010.63485019
93 2033.84756401
94 2053.12133572
95 2072.78111809
96 2121.00568997
97 2169.23026184
98 2217.45483371
99 2265.67940559
100 2313.90397746
101 2362.021732
102 2402.23500387
103 2442.44827574
104 2482.6615476
105 2522.87481947
106 2563.08809133
107 2603.3013632
108 2643.51463506
109 2683.72790693
110 2723.94117879
111 2764.15445066
112 2804.36772252
113 2844.58099439
114 2884.79426625
115 2925.00753812
116 2965.22080998
117 3005.43408185
118 3045.64735372
119 3085.86062558
120 3126.07389745
121 3166.28716931
122 3206.50044118
123 3246.71371304
124 3286.82024402
125 3319.0279492
126 3351.23565438
127 3383.44335957
128 3415.65106475
129 3447.85876993
130 3480.06647512
131 3512.2741803
132 3544.48188548
133 3576.68959066
134 3608.89729585
135 3641.10500103
136 3673.42046425
137 3713.71002196
138 3753.99957967
139 3794.28913738
140 3834.57869509
141 3874.8682528
142 3915.15781051
143 3955.44736822
144 3995.73692593
145 4036.02648364
146 4076.31604135
147 4116.60559906
148 4156.89515677
149 4197.18471448
150 4237.47427219
151 4277.7638299
152 4318.05338761
153 4358.34294532
154 4398.63250303
155 4438.92206074
156 4479.21161845
157 4519.50117616
158 4559.79073387
159 4600.08029158
160 4640.36984929
161 4680.659407
162 4720.94896471
163 4761.23852242
164 4801.80292133
165 4862.70556955
166 4923.60821776
167 4984.51086597
168 5045.41351419
169 5106.3161624
170 5167.21881061
171 5228.12145883
172 5289.02410704
173 5349.92675525
174 5410.82940347
175 5471.73205168
176 5532.63469989
177 5593.53734811
178 5654.43999632
179 5715.34264453
180 5776.24529275
181 5837.14794096
182 5898.05058918
183 5958.95323739
184 6019.8558856
185 6080.75853382
186 6141.66118203
187 6202.56383024
188 6263.46647846
189 6324.36912667
190 6385.27177488
191 6446.1744231
192 6507.07707131
193 6567.97971952
194 6628.88236774
195 6689.78501595
196 6750.68766416
197 6811.59031238
198 6872.49296059
199 6933.3956088
200 6994.29825702
201 7055.20090523
202 7116.10355345
203 7177.5617953
204 7280.13396629
205 7382.70613728
206 7485.27830828
207 7587.85047927
208 7690.42265026
209 7792.99482126
210 7895.56699225
211 7998.13916324
212 8100.71133423
213 8203.28350523
214 8305.85567622
215 8408.42784721
216 8511.00001821
217 8613.5721892
218 8716.14436019
219 8818.71653119
220 8921.28870218
221 9023.86087317
222 9126.43304417
223 9229.00521516
224 9331.57738615
225 9434.14955715
226 9536.72172814
227 9639.29389913
228 9741.86607013
229 9844.43824112
230 9947.01041211
231 10049.5825831
232 10152.1547541
233 10254.7269251
234 10357.2990961
235 10459.8712671
236 10562.4434381
237 10665.0156091
238 10767.7922093
239 10885.6965723
240 11003.6009354
241 11121.5052984
242 11239.4096615
243 11357.3140245
244 11475.2183875
245 11593.1227506
246 11711.0271136
247 11828.9314767
248 11946.8358397
249 12064.7402028
250 12182.6445658
251 12300.5489289
252 12418.4532919
253 12536.3576549
254 12654.262018
255 12772.166381
256 12890.0707441
257 13007.9751071
258 13124.5965457
259 13146.2815714
260 13167.9665971
261 13189.6516228
262 13211.3366485
263 13233.0216742
264 13254.7067
265 13276.3917257
266 13298.0767514
267 13319.7617771
268 13341.4468028
269 13363.1318285
270 13384.8168543
271 13406.50188
272 13428.1869057
273 13449.8719314
274 13471.5569571
275 13493.2419828
276 13514.9270085
277 13536.6120343
278 13558.29706
279 13579.9820857
280 13601.6671114
281 13623.3521371
282 13645.0371628
283 13666.7221886
284 13688.4072143
285 13710.09224
286 13731.7772657
287 13753.4622914
288 13775.1473171
289 13796.8323429
290 13818.5173686
291 13840.804795
292 13907.6698703
293 13974.5349457
294 14041.400021
295 14108.2650964
296 14175.1301718
297 14241.9952471
298 14308.8603225
299 14375.7253978
300 14442.5904732
301 14509.4555486
302 14576.3206239
303 14643.1856993
304 14710.0507746
305 14776.91585
306 14843.7809254
307 14910.6460007
308 14977.5110761
309 15044.3761515
310 15111.2412268
311 15178.1063022
312 15244.9713775
313 15311.8364529
314 15378.7015283
315 15445.5666036
316 15512.431679
317 15580.2842326
318 15721.2666588
319 15866.4287758
320 16011.5908928
321 16156.7530098
322 16301.9151268
323 16447.0772438
324 16592.2393609
325 16737.4014779
326 16882.5635949
327 17027.7257119
328 17172.8878289
329 17318.0499459
330 17463.2120629
331 17608.3741799
332 17753.5362969
333 17898.6984139
334 18043.860531
335 18189.022648
336 18334.184765
337 18479.346882
338 18624.508999
339 18769.671116
340 18914.833233
341 19059.99535
342 19205.157467
343 19350.319584
344 19495.481701
345 19640.6438181
346 19785.8059351
347 19930.9680521
348 20076.1301691
349 20221.2922861
350 20366.4544031
351 20511.6165201
352 20656.7786371
353 20801.9407541
354 20947.1028711
355 21092.2649881
356 21237.4271052
357 21382.5892222
358 21527.7513392
359 21672.9134562
360 21818.0755732
361 21963.2376902
362 22108.3998072
363 22253.5619242
364 22398.7240412
365 22543.8861582
366 22689.0482753
367 22834.2103923
368 22977.5165985
369 22983.4854105
370 22989.4542226
371 22995.4230346
372 23001.3918466
373 23007.3606586
374 23013.3294706
375 23019.2982826
376 23025.2670946
377 23031.2359067
378 23037.2047187
379 23043.1735307
380 23049.1423427
381 23055.1111547
382 23061.0799667
383 23067.0487787
384 23073.0175908
385 23078.9864028
386 23084.9552148
387 23090.9240268
388 23096.8928388
389 23102.8616508
390 23108.8304628
391 23114.7992749
392 23120.7680869
393 23126.7368989
394 23132.7057109
395 23138.6745229
396 23144.6433349
397 23150.6121469
398 23156.580959
399 23162.549771
400 23168.518583
401 23174.487395
402 23180.456207
403 23186.425019
404 23192.393831
405 23198.3626431
406 23204.3314551
407 23210.3002671
408 23216.2690791
409 23222.2378911
410 23228.2067031
411 23234.1755151
412 23240.1443272
413 23246.1131392
414 23252.0819512
415 23258.0365513
416 23262.9394685
417 23267.8423857
418 23272.7453028
419 23277.64822
420 23282.5511372
421 23287.4540544
422 23292.3569716
423 23297.2598888
424 23302.162806
425 23307.0657232
426 23311.9686403
427 23316.8715575
428 23321.7744747
429 23326.6773919
430 23331.5803091
431 23336.5755959
432 23348.4062305
433 23360.2368651
434 23372.0674997
435 23383.8981343
436 23395.7287689
437 23407.5594035
438 23419.3900381
439 23431.2206727
440 23443.0513074
441 23454.881942
442 23466.7125766
443 23478.5432112
444 23490.3738458
445 23502.2044804
446 23514.035115
447 23525.8657496
448 23537.6963842
449 23549.5270188
450 23561.3576535
451 23573.1882881
452 23585.0189227
453 23596.8495573
454 23608.6801919
455 23620.5108265
456 23632.3414611
457 23644.1720957
458 23656.0027303
459 23667.833365
460 23679.6639996
461 23691.4946342
462 23703.3252688
463 23715.1559034
464 23726.986538
465 23738.8171726
466 23750.6478072
467 23762.4784418
468 23774.3090765
469 23786.1397111
470 23798.72215
471 23866.9381078
472 23935.1540656
473 24003.3700234
474 24071.5859813
475 24139.8019391
476 24208.0178969
477 24276.2338547
478 24344.4498126
479 24412.6657704
480 24480.8817282
481 24549.1342334
482 24620.0912486
483 24691.0482637
484 24762.0052789
485 24832.962294
486 24903.9193092
487 24974.8763243
488 25045.8333395
489 25116.7903546
490 25187.7473698
491 25258.7043849
492 25329.6614001
493 25400.6184152
494 25471.5754304
495 25542.5324455
496 25613.4894607
497 25684.4464758
498 25755.4034909
499 25826.3605061
500 25897.3175212
501 25968.2745364
502 26039.2315515
503 26110.1885667
504 26181.1455818
505 26252.102597
506 26323.0596121
507 26394.0166273
508 26464.9736424
509 26535.9306576
510 26606.8876727
511 26677.8446879
512 26748.801703
513 26819.7587182
514 26890.7157333
515 26961.6727484
516 27032.6297636
517 27104.7259059
518 27261.1174592
519 27417.5090124
520 27573.9005656
521 27730.2921189
522 27886.6836721
523 28043.0752253
524 28199.4667786
525 28355.8583318
526 28512.249885
527 28668.6414383
528 28825.0329915
529 28981.4245447
530 29137.816098
531 29293.6210066
532 29406.0142142
533 29518.4074219
534 29630.8006295
535 29743.1938371
536 29855.5870448
537 29967.9802524
538 30080.3734601
539 30192.7666677
540 30305.1598753
541 30417.553083
542 30529.5269958
543 30610.4730955
544 30691.4191951
545 30772.3652947
546 30853.3113944
547 30934.257494
548 31015.2035937
549 31096.1496933
550 31176.1343401
551 31184.9714796
552 31193.8086191
553 31202.6457586
554 31211.4828981
555 31220.3200376
556 31229.1571771
557 31237.9943166
558 31246.8314561
559 31255.6685955
560 31264.505735
561 31273.3428745
562 31282.180014
563 31291.0171535
564 31299.854293
565 31308.6914325
566 31317.528572
567 31326.3657115
568 31335.202851
569 31344.0399905
570 31352.8771299
571 31361.7142694
572 31370.5514089
573 31379.3885484
574 31388.2256879
575 31397.0628274
576 31405.8999669
577 31414.7371064
578 31423.5742459
579 31432.4113854
580 31441.2485248
581 31450.0856643
582 31458.9228038
583 31467.7599433
584 31476.5970828
585 31485.4342223
586 31494.2713618
587 31503.1085013
588 31511.9456408
589 31520.7827803
590 31529.6199198
591 31538.4570592
592 31547.2941987
593 31556.1313382
594 31564.9684777
595 31573.8056172
596 31582.6427567
597 31591.4798962
598 31600.3170357
599 31609.1541752
600 31617.9913147
601 31626.8284542
602 31635.8513517
603 31658.6203441
604 31681.3893366
605 31704.158329
606 31726.9273214
607 31749.6963138
608 31772.4653063
609 31795.2342987
610 31818.0032911
611 31842.5155578
612 31996.0301161
613 32149.5446745
614 32303.0592329
615 32456.5737912
616 32610.0883496
617 32763.602908
618 32917.1174663
619 33070.6320247
620 33224.146583
621 33377.6611414
622 33530.1921897
623 33609.9434944
624 33689.694799
625 33769.4461036
626 33849.1974083
627 33928.9487129
628 34008.7000176
629 34088.4513222
630 34168.2026268
631 34247.9539315
632 34327.7052361
633 34407.4565407
634 34487.2078454
635 34566.95915
636 34646.7104547
637 34726.4617593
638 34806.2130639
639 34885.9643686
640 34965.7156732
641 35045.8370076
642 35153.3405446
643 35260.8440816
644 35368.3476186
645 35475.8511555
646 35583.3546925
647 35690.8582295
648 35798.3617665
649 35905.8653034
650 36013.3688404
651 36120.8723774
652 36228.3759144
653 36335.8794514
654 36443.3829883
655 36550.8865253
656 36658.3900623
657 36766.0991908
658 36889.0220901
659 37011.9449895
660 37134.8678889
661 37257.7907882
662 37380.7136876
663 37503.6365869
664 37626.5594863
665 37749.4823857
666 37872.405285
667 37994.2465107
668 38035.6154931
669 38045.2835519
670 38054.9516107
671 38064.6196694
672 38074.2877282
673 38083.955787
674 38093.6238457
675 38103.2919045
676 38112.9599633
677 38122.628022
678 38132.2960808
679 38141.9641396
680 38151.6321984
681 38161.3002571
682 38170.9683159
683 38180.6363747
684 38190.3044334
685 38199.9724922
686 38209.640551
687 38219.3086097
688 38230.3429742
689 38342.4839626
690 38454.6249509
691 38566.7659393
692 38678.9069276
693 38791.047916
694 38903.1889043
695 39015.3298927
696 39126.2847491
697 39149.4658441
698 39172.646939
699 39195.828034
700 39219.0091289
701 39242.1902239
702 39265.3713188
703 39288.5524138
704 39311.7335087
705 39334.9146037
706 39358.0956987
707 39381.2767936
708 39404.4578886
709 39427.6389835
710 39450.8200785
711 39474.0011734
712 39497.1822684
713 39520.3633633
714 39543.5444583
715 39566.7255533
716 39589.9066482
717 39613.0877432
718 39636.2688381
719 39659.4499331
720 39682.631028
721 39705.812123
722 39728.9932179
723 39752.1743129
724 39775.1563187
725 39783.4057281
726 39791.6551376
727 39799.904547
728 39808.1539564
729 39817.4223544
730 39901.3576096
731 39930.6590264
732 39959.9604432
733 39989.26186
734 40018.5632768
735 40047.5145393
736 40050.5543847
737 40053.5942301
738 40056.6340755
739 40059.6739209
740 40062.7137664
741 40065.7536118
742 40069.8948698
743 40155.5406612
744 40241.1864526
745 40326.0914502
746 40356.1777144
747 40386.2639787
748 40416.3502429
749 40446.4365071
750 40476.5227713
751 40506.6090355
752 40536.6952997
753 40566.7815639
754 40596.8678281
755 40626.7074954
756 40638.2989922
757 40649.8904889
758 40661.4819857
759 40673.0734825
760 40684.6649792
761 40696.4606165
762 40723.3626536
763 40750.2646906
764 40777.1667276
765 40804.0687647
766 40830.9708017
767 40857.8728388
768 40884.7748758
769 40911.6769128
770 40938.5789499
771 40965.4809869
772 40992.383024
773 41019.285061
774 41046.187098
775 41073.0891351
776 41099.9911721
777 41126.8932092
778 41156.2217667
779 41365.1128442
780 41574.0039217
781 41782.8949991
782 41991.7860766
783 42200.677154
784 42409.5682315
785 42618.4593089
786 42827.3503864
787 43036.2414639
788 43245.1325413
789 43454.0236188
790 43662.0071989
791 43801.8838151
792 43871.3004833
793 43940.7171515
794 44012.1410362
795 44232.0989369
796 44452.0568376
797 44670.3747205
798 44767.3312838
799 44864.2878471
800 44961.2444104
801 45058.2009738
802 45155.1575371
803 45252.1141004
804 45349.0706637
805 45446.027227
806 45542.9837903
807 45639.9403536
808 45736.8969169
809 45833.8534803
810 45930.8100436
811 46027.2677375
812 46086.8091013
813 46146.3504651
814 46205.8918289
815 46265.4331927
816 46324.9745565
817 46384.5159203
818 46444.0572841
819 46503.5986479
820 46563.1400117
821 46622.6813755
822 46682.2227393
823 46741.7641031
824 46801.3054669
825 46860.8468307
826 46920.3881945
827 46979.9295583
828 47039.4709221
829 47099.0122859
830 47158.5536497
831 47218.0950135
832 47277.6363773
833 47337.1777411
834 47396.7191049
835 47456.2604687
836 47515.8018325
837 47575.3431963
838 47634.8845601
839 47694.4259239
840 47753.9672877
841 47813.5086515
842 47873.0500153
843 47932.5913791
844 47992.1327429
845 48051.6741067
846 48111.2154705
847 48170.7568343
848 48230.2981981
849 48289.8395619
850 48349.3809257
851 48408.9222895
852 48468.4636533
853 48528.0050171
854 48587.5463809
855 48647.0877447
856 48706.6291085
857 48766.1704723
858 48825.7118361
859 48885.2531999
860 48944.7945637
861 49004.3359275
862 49063.8772913
863 49123.4186551
864 49182.9600189
865 49242.5013827
866 49302.0427465
867 49361.5841103
868 49421.1254741
869 49480.4246864
870 49521.8046846
871 49563.1846829
872 49604.5646812
873 49645.9446794
874 49687.3246777
875 49728.7046759
876 49770.0846742
877 49811.4646724
878 49852.8446707
879 49894.2246689
880 49935.6046672
881 49976.9846655
882 50018.3646637
883 50059.744662
884 50101.1246602
885 50142.5046585
886 50183.8846567
887 50225.264655
888 50266.6446532
889 50308.0246515
890 50349.4046498
891 50390.784648
892 50432.1646463
893 50473.5446445
894 50514.9246428
895 50555.795159
896 50558.9640018
897 50562.1328446
898 50565.3016874
899 50568.4705302
900 50571.639373
901 50574.8082158
902 50578.0945007
903 50590.0715018
904 50602.0485028
905 50614.0255038
906 50626.0025048
907 50637.9795059
908 50649.9565069
909 50661.9335079
910 50674.1526859
911 50704.292961
912 50734.4332361
913 50764.5735112
914 50794.7137862
915 50824.8540613
916 50854.9943364
917 50885.1346115
918 50915.2748865
919 50945.4151616
920 50975.5554367
921 51006.5383168
922 51099.8739713
923 51193.2096257
924 51286.5452802
925 51379.8809347
926 51473.2165891
927 51566.5522436
928 51659.887898
929 51753.2235525
930 51846.5592069
931 51939.8948614
932 52033.2305159
933 52126.5661703
934 52219.0148863
935 52245.830154
936 52272.6454217
937 52299.4606895
938 52325.950266
939 52328.548306
940 52346.6575404
941 52364.7667748
942 52382.8760092
943 52400.9852436
944 52419.094478
945 52437.3206378
946 52464.1992793
947 52491.0779209
948 52517.9565624
949 52544.835204
950 52571.7138455
951 52598.5924871
952 52625.4711286
953 52652.3497701
954 52679.2284117
955 52706.1070532
956 52732.9856948
957 52759.8643363
958 52786.7429779
959 52813.6216194
960 52840.500261
961 52867.3789025
962 52894.2575441
963 52921.1361856
964 52948.0148271
965 52974.8934687
966 53001.7721102
967 53028.6507518
968 53055.5293933
969 53082.4080349
970 53109.2866764
971 53136.165318
972 53163.0439595
973 53189.9226011
974 53216.8012426
975 53243.6798842
976 53270.5585257
977 53297.4371672
978 53324.3158088
979 53351.1944503
980 53378.0730919
981 53404.9517334
982 53431.830375
983 53458.7090165
984 53485.5876581
985 53512.4662996
986 53539.3449412
987 53566.2235827
988 53593.1022242
989 53619.9808658
990 53647.3057576
991 53707.6531673
992 53768.0005771
993 53828.3479869
994 53888.6953966
995 53949.0428064
996 54008.6160006
997 54010.8972429
998 54013.1784853
999 54015.4597276
1000 54017.9048181
1001 54032.4746667
1002 54047.0445154
1003 54061.614364
1004 54076.1842127
1005 54090.7540613
1006 54105.32391
1007 54119.8937586
1008 54134.4636073
1009 54149.0334559
1010 54163.6033045
1011 54178.1731532
1012 54192.7430018
1013 54207.3128505
1014 54221.8826991
1015 54236.4525478
1016 54251.0223964
1017 54265.5922451
1018 54280.1620937
1019 54294.7319424
1020 54309.301791
1021 54323.8716397
1022 54338.4414883
1023 54353.011337
1024 54367.5811856
1025 54382.1510343
1026 54396.7208829
1027 54411.3336997
1028 54429.1261563
1029 54446.918613
1030 54464.7110697
1031 54482.5035263
1032 54500.295983
1033 54518.0884396
1034 54535.8808963
1035 54553.673353
1036 54571.4658096
1037 54589.2582663
1038 54607.050723
1039 54624.8431796
1040 54642.6356363
1041 54660.8944756
1042 54713.6656326
1043 54766.4367895
1044 54819.2079465
1045 54871.9791034
1046 54924.3513026
1047 54947.200629
1048 54970.0499554
1049 54992.8992817
1050 55015.7486081
1051 55038.5979345
1052 55061.4472609
1053 55084.2965873
1054 55107.1459136
1055 55129.99524
1056 55152.8445664
1057 55175.6938928
1058 55198.5432191
1059 55221.3925455
1060 55244.2418719
1061 55267.0911983
1062 55289.9405247
1063 55312.789851
1064 55335.6391774
1065 55358.4885038
1066 55381.3378302
1067 55404.1871565
1068 55427.0364829
1069 55449.8858093
1070 55472.7351357
1071 55495.5844621
1072 55518.4337884
1073 55541.2831148
1074 55564.1324412
1075 55586.9817676
1076 55609.8310939
1077 55632.6804203
1078 55655.5297467
1079 55678.3790731
1080 55701.2283995
1081 55724.0777258
1082 55746.9270522
1083 55769.7763786
1084 55792.625705
1085 55815.3997843
1086 55832.6055836
1087 55849.8113829
1088 55867.0171822
1089 55884.2229814
1090 55901.4287807
1091 55918.63458
1092 55935.8403793
1093 55953.0461786
1094 55970.2519778
1095 55987.4577771
1096 56004.6635764
1097 56021.8693757
1098 56039.0275464
1099 56052.6612016
1100 56066.2948568
1101 56079.928512
1102 56093.5621672
1103 56107.1958224
1104 56120.8294776
1105 56134.4631328
1106 56148.096788
1107 56161.7304432
1108 56175.3640984
1109 56188.9977536
1110 56202.6314088
1111 56216.1913291
1112 56224.2948633
1113 56232.3983975
1114 56240.5019317
1115 56248.6054659
1116 56256.7090001
1117 56264.8125343
1118 56272.9160685
1119 56281.0196027
1120 56289.123137
1121 56297.2266712
1122 56305.3302054
1123 56313.4337396
1124 56321.5372738
1125 56330.422081
1126 56397.1210934
1127 56463.8201057
1128 56530.519118
1129 56597.2181304
1130 56663.9171427
1131 56730.6075125
1132 56796.6583326
1133 56862.7091527
1134 56928.7599728
1135 56994.810793
1136 57060.8616131
1137 57126.9124332
1138 57192.9632533
1139 57259.0140734
1140 57325.0648935
1141 57391.1157136
1142 57457.1665337
1143 57523.2173539
1144 57589.268174
1145 57655.3189941
1146 57721.3698142
1147 57787.4206343
1148 57853.4714544
1149 57919.5222745
1150 57985.5730946
1151 58051.6239148
1152 58117.6747349
1153 58183.725555
1154 58249.7763751
1155 58315.8271952
1156 58381.8780153
1157 58447.055011
1158 58447.5689998
1159 58448.5971462
1160 58487.6729517
1161 58526.7487573
1162 58565.8245628
1163 58604.9003684
1164 58643.9761739
1165 58683.1808181
1166 58732.2856559
1167 58808.484332
1168 58884.6830081
1169 58960.8816842
1170 59037.0803602
1171 59113.2790363
1172 59188.6990211
1173 59206.4958492
1174 59224.2926773
1175 59242.0895053
1176 59261.307377
1177 59385.6824765
1178 59510.0575759
1179 59634.4326754
1180 59758.8077749
1181 59883.1828743
1182 60007.5579738
1183 60130.2863916
1184 60131.1603648
1185 60132.034338
1186 60132.9083112
1187 60133.7822844
1188 60134.6562576
1189 60135.5302309
1190 60136.4042041
1191 60137.2781773
1192 60138.1521505
1193 60139.0261237
1194 60140.6471161
1195 60197.547525
1196 60254.4479339
1197 60311.3483428
1198 60368.2487518
1199 60425.1491607
1200 60482.0495696
1201 60538.9499785
1202 60595.8503874
1203 60652.1796522
1204 60668.1092269
1205 60822.047346
1206 60975.9854652
1207 61129.9235843
1208 61283.8617035
1209 61437.7998226
1210 61591.7379418
1211 61745.6760609
1212 61899.6141801
1213 62053.5522992
1214 62207.4904184
1215 62361.4285375
1216 62515.3666567
1217 62669.3047758
1218 62823.242895
1219 62977.1810141
1220 63131.1191333
1221 63283.4217948
1222 63314.7005864
1223 63345.9793781
1224 63377.2581698
1225 63408.5369615
1226 63439.8157532
1227 63471.0945448
1228 63502.3733365
1229 63533.6521282
1230 63564.9309199
1231 63596.2097116
1232 63627.4885033
1233 63658.7672949
1234 63690.0460866
1235 63721.3248783
1236 63752.60367
1237 63783.8824617
1238 63815.1612533
1239 63846.440045
1240 63877.7188367
1241 63908.9976284
1242 63940.2764201
1243 63971.5552118
1244 64002.8340034
1245 64034.1127951
1246 64065.3915868
1247 64096.6703785
1248 64127.9491702
1249 64159.2279618
1250 64190.5067535
1251 64221.7855452
1252 64253.0643369
1253 64284.3431286
1254 64315.6219203
1255 64346.8556448
1256 64374.7543984
1257 64403.3533565
1258 64482.7381268
1259 64485.952985
1260 64489.1678432
1261 64492.3827013
1262 64495.5975595
1263 64498.8124177
1264 64502.0272759
1265 64505.242134
1266 64508.4569922
1267 64511.6718504
1268 64514.8867085
1269 64518.1015667
1270 64521.3164249
1271 64524.5312831
1272 64527.7461412
1273 64530.9609994
1274 64535.1135477
1275 64610.2747872
1276 64805.2882537
1277 65000.3017201
1278 65195.3151866
1279 65390.3286531
1280 65585.3421195
1281 65780.355586
1282 65975.3690525
1283 66170.3825189
1284 66365.3959854
1285 66560.4094518
1286 66755.4229183
1287 66948.0251968
1288 66962.1995644
1289 66976.3739321
1290 66990.5482997
1291 67004.7226673
1292 67018.897035
1293 67033.0714026
1294 67047.2457702
1295 67061.4201379
1296 67075.5945055
1297 67089.7688731
1298 67103.9432408
1299 67118.1176084
1300 67132.291976
1301 67146.4663437
1302 67160.6407113
1303 67174.8150789
1304 67188.9894466
1305 67203.1638142
1306 67217.3381818
1307 67232.8394279
1308 67346.5296792
1309 67460.2199304
1310 67573.9101816
1311 67687.6004329
1312 67801.2381805
1313 67910.9906574
1314 68020.7431343
1315 68130.4956112
1316 68240.2480881
1317 68350.0005651
1318 68459.753042
1319 68569.5055189
1320 68679.2579958
1321 68788.1819233
1322 68835.7931908
1323 68883.4044583
1324 68931.0157258
1325 68978.6269933
1326 69026.2382608
1327 69073.8495283
1328 69121.4607958
1329 69169.0720633
1330 69216.6833308
1331 69264.2945983
1332 69311.9058658
1333 69359.5171333
1334 69407.1284008
1335 69454.7396683
1336 69502.3509358
1337 69549.9622033
1338 69597.5734708
1339 69645.1847383
1340 69692.7960058
1341 69740.4072733
1342 69788.0185408
1343 69835.6298083
1344 69883.2410758
1345 69930.8523433
1346 69978.4636108
1347 70026.0748783
1348 70073.6861458
1349 70121.2974133
1350 70168.9086808
1351 70216.5199483
1352 70264.1312158
1353 70311.7424833
1354 70359.3537508
1355 70406.9650183
1356 70454.5762858
1357 70502.1875533
1358 70549.7988208
1359 70597.4100883
1360 70645.0213558
1361 70692.6326233
1362 70740.2438908
1363 70787.8551583
1364 70835.4664258
1365 70883.0776933
1366 70930.6889608
1367 70978.3002283
1368 71025.9114958
1369 71073.5227633
1370 71121.1340308
1371 71171.0690816
1372 71392.9640966
1373 71614.8591115
1374 71836.7541265
1375 72058.6491414
1376 72280.5441564
1377 72502.4391713
1378 72724.3341863
1379 72945.197024
1380 73089.6787483
1381 73233.0494648
1382 73294.2056004
1383 73355.3617361
1384 73416.5178718
1385 73477.6740075
1386 73538.8301431
1387 73599.9862788
1388 73661.1424145
1389 73722.2985501
1390 73783.4546858
1391 73844.6108215
1392 73905.7669572
1393 73966.9230928
1394 74028.0792285
1395 74089.2353642
1396 74150.0825032
1397 74188.0638902
1398 74226.0452771
1399 74264.0266641
1400 74303.8515263
1401 74477.9832447
1402 74495.9519084
1403 74513.9205721
1404 74531.8892358
1405 74549.8578995
1406 74567.8265632
1407 74585.7952269
1408 74603.7638907
1409 74621.7325544
1410 74639.7012181
1411 74657.6698818
1412 74675.6385455
1413 74693.6072092
1414 74711.5758729
1415 74729.5445366
1416 74747.5132003
1417 74765.481864
1418 74783.4505277
1419 74801.4191914
1420 74819.3878551
1421 74837.3565188
1422 74855.3251825
1423 74873.2938463
1424 74891.26251
1425 74909.2311737
1426 74927.1998374
1427 74945.1685011
1428 74963.1371648
1429 74981.1058285
1430 74999.0744922
1431 75017.0431559
1432 75035.0118196
1433 75052.9804833
1434 75070.949147
1435 75088.9178107
1436 75106.8864744
1437 75124.8551381
1438 75142.8238019
1439 75160.7924656
1440 75178.7611293
1441 75196.729793
1442 75214.6984567
1443 75232.6671204
1444 75250.6357841
1445 75268.6044478
1446 75286.5731115
1447 75304.5417752
1448 75322.5104389
1449 75340.4791026
1450 75358.4477663
1451 75376.41643
1452 75394.3850937
1453 75412.3537575
1454 75430.3224212
1455 75448.2910849
1456 75466.2597486
1457 75484.2284123
1458 75502.197076
1459 75520.1657397
1460 75538.1344034
1461 75556.1030671
1462 75574.0717308
1463 75592.0403945
1464 75610.0090582
1465 75627.9777219
1466 75645.9463856
1467 75663.9150493
1468 75681.8837131
1469 75699.8523768
1470 75717.8210405
1471 75735.7897042
1472 75754.1161077
1473 75798.9152569
1474 75843.565673
1475 75877.2098379
1476 75910.8540028
1477 75944.4981677
1478 75978.1423326
1479 76011.7864975
1480 76045.4306624
1481 76079.0748273
1482 76112.7189922
1483 76146.3631571
1484 76180.007322
1485 76213.6514869
1486 76247.2956518
1487 76281.3160481
1488 76343.1775691
1489 76405.0390901
1490 76466.9006111
1491 76528.762132
1492 76590.623653
1493 76652.485174
1494 76714.346695
1495 76776.208216
1496 76838.069737
1497 76899.931258
1498 76961.792779
1499 77023.6543
1500 77085.515821
1501 77147.377342
1502 77209.238863
1503 77271.1003839
1504 77332.9619049
1505 77394.8234259
1506 77456.6849469
1507 77518.5464679
1508 77580.4079889
1509 77642.2695099
1510 77704.1310309
1511 77765.9925519
1512 77827.8540729
1513 77889.7155939
1514 77951.5771149
1515 78013.4386358
1516 78075.3001568
1517 78137.1616778
1518 78199.0231988
1519 78260.8847198
1520 78322.7462408
1521 78384.6077618
1522 78446.4692828
1523 78508.3308038
1524 78570.7902481
1525 78677.496019
1526 78784.20179
1527 78890.9075609
1528 78997.6133319
1529 79104.3191028
1530 79211.0248738
1531 79317.7306447
1532 79424.4364157
1533 79531.1421866
1534 79637.8479576
1535 79744.5537285
1536 79851.2594995
1537 79957.9652704
1538 80064.6710414
1539 80171.3768123
1540 80278.0825833
1541 80384.7883542
1542 80491.4941252
1543 80598.1998961
1544 80704.9056671
1545 80811.611438
1546 80918.317209
1547 81025.0229799
1548 81132.1006317
1549 81266.6974615
1550 81401.2942914
1551 81535.8911212
1552 81670.4879511
1553 81805.0847809
1554 81939.6816108
1555 82074.2784406
1556 82208.8752705
1557 82343.4721003
1558 82478.0689302
1559 82612.6657601
1560 82747.2625899
1561 82881.8594198
1562 83016.4562496
1563 83151.0530795
1564 83285.6499093
1565 83420.2467392
1566 83554.843569
1567 83689.4403989
1568 83824.0372287
1569 83957.7653695
1570 84027.2105181
1571 84096.6556668
1572 84166.1008154
1573 84235.545964
1574 84304.9911126
1575 84374.4362613
1576 84443.8814099
1577 84513.3265585
1578 84582.7717071
1579 84652.2168558
1580 84721.6620044
1581 84791.107153
1582 84860.5523016
1583 84929.9974503
1584 84999.4425989
1585 85068.8877475
1586 85138.3328961
1587 85207.7780448
1588 85277.2231934
1589 85346.668342
1590 85416.1134906
1591 85485.5586393
1592 85555.0037879
1593 85624.4489365
1594 85693.8940851
1595 85763.3392338
1596 85832.7843824
1597 85902.229531
1598 85971.6746796
1599 86041.1198283
1600 86110.5649769
1601 86180.0101255
1602 86249.4552741
1603 86318.9004227
1604 86388.3455714
1605 86457.79072
1606 86527.2358686
1607 86596.6810172
1608 86666.1261659
1609 86735.5713145
1610 86805.0164631
1611 86874.4616117
1612 86943.9067604
1613 87013.351909
1614 87082.7970576
1615 87152.2422062
1616 87221.6873549
1617 87291.1325035
1618 87360.5776521
1619 87430.0228007
1620 87498.768765
1621 87515.7750834
1622 87532.7814019
1623 87549.7877203
1624 87566.7940388
1625 87583.8003573
1626 87600.8066757
1627 87617.8129942
1628 87634.8193126
1629 87651.8256311
1630 87668.8319496
1631 87685.838268
1632 87703.0811733
1633 87737.8315066
1634 87772.58184
1635 87807.3321733
1636 87842.0825066
1637 87876.8328399
1638 87911.5831732
1639 87946.3335065
1640 87981.0838398
1641 88015.8341731
1642 88050.5845064
1643 88085.3348398
1644 88120.0851731
1645 88154.8355064
1646 88189.5858397
1647 88224.336173
1648 88259.0865063
1649 88293.8368396
1650 88328.5871729
1651 88363.3375062
1652 88398.0878396
1653 88432.8381729
1654 88467.5885062
1655 88502.3388395
1656 88537.0891728
1657 88571.8395061
1658 88606.5898394
1659 88641.3401727
1660 88676.090506
1661 88710.8408394
1662 88745.5911727
1663 88780.341506
1664 88815.0918393
1665 88849.8421726
1666 88884.5925059
1667 88919.3428392
1668 88954.0931725
1669 88988.8435058
1670 89023.5938392
1671 89058.3441725
1672 89093.0945058
1673 89127.8448391
1674 89162.227608
1675 89169.4106143
1676 89176.5936206
1677 89183.7766269
1678 89190.9596332
1679 89198.1426395
1680 89206.360162
1681 89291.1318847
1682 89375.9036073
1683 89460.67533
1684 89545.4470527
1685 89630.2187753
1686 89714.990498
1687 89799.7622207
1688 89884.5339433
1689 89969.305666
1690 90054.0773887
1691 90138.8491113
1692 90223.620834
1693 90308.3925567
1694 90393.1642793
1695 90477.936002
1696 90562.7077247
1697 90647.4794473
1698 90732.25117
1699 90817.0228927
1700 90901.7946153
1701 90986.566338
1702 91071.3380606
1703 91156.1097833
1704 91240.881506
1705 91325.6532286
1706 91410.4249513
1707 91495.196674
1708 91579.9683966
1709 91664.7401193
1710 91749.511842
1711 91834.2835646
1712 91919.0552873
1713 92003.82701
1714 92087.6385451
1715 92100.3962003
1716 92113.1538555
1717 92125.9115107
1718 92138.669166
1719 92151.4268212
1720 92164.1844764
1721 92176.9421317
1722 92189.6997869
1723 92202.4574421
1724 92215.2150973
1725 92227.9727526
1726 92240.7304078
1727 92253.488063
1728 92266.2457183
1729 92279.0033735
1730 92291.7610287
1731 92304.5186839
1732 92317.2763392
1733 92330.0339944
1734 92342.7916496
1735 92355.5493049
1736 92368.9485624
1737 92429.8263932
1738 92490.7042239
1739 92551.5820547
1740 92612.4598855
1741 92673.3377162
1742 92734.215547
1743 92795.0933777
1744 92855.9712085
1745 92916.8490393
1746 92977.72687
1747 93038.6047008
1748 93099.4825315
1749 93160.3603623
1750 93221.2381931
1751 93282.1160238
1752 93342.9938546
1753 93403.8716854
1754 93464.7495161
1755 93525.6273469
1756 93586.5051776
1757 93647.3830084
1758 93708.2608392
1759 93769.1386699
1760 93830.0165007
1761 93890.8943314
1762 93951.7721622
1763 94012.649993
1764 94073.5278237
1765 94134.4056545
1766 94195.2834852
1767 94256.161316
1768 94317.0391468
1769 94377.9169775
1770 94438.7948083
1771 94499.672639
1772 94560.5504698
1773 94621.4283006
1774 94682.3061313
1775 94743.1839621
1776 94804.0617929
1777 94864.9396236
1778 94925.8174544
1779 94986.6952851
1780 95047.5731159
1781 95108.4509467
1782 95169.3287774
1783 95230.2066082
1784 95291.0844389
1785 95351.9622697
1786 95412.8401005
1787 95473.7732682
1788 95538.8013718
1789 95603.8243656
1790 95668.4692296
1791 95733.1140935
1792 95797.7589575
1793 95862.4038214
1794 95927.0486853
1795 95991.6935493
1796 96056.3384132
1797 96120.9832771
1798 96185.105149
1799 96210.5256085
1800 96235.946068
1801 96261.3665275
1802 96286.786987
1803 96313.1260982
1804 96407.4454373
1805 96502.9983594
1806 96689.836431
1807 96876.6745026
1808 97063.5125742
1809 97250.3506457
1810 97437.1887173
1811 97624.0267889
1812 97810.8648604
1813 97997.702932
1814 98184.5410036
1815 98371.3790752
1816 98558.2171467
1817 98745.0552183
1818 98931.8932899
1819 99119.7899827
1820 99386.0246477
1821 99652.2593127
1822 99918.4939777
1823 100184.728643
1824 100450.963308
1825 100716.385475
1826 100921.682842
1827 101126.980209
1828 101332.277575
1829 101537.574942
1830 101742.872309
1831 101948.169676
1832 102153.467042
1833 102358.764409
1834 102564.061776
1835 102769.359142
1836 102974.656509
1837 103179.953876
1838 103385.251242
1839 103590.548609
1840 103795.845976
1841 104001.143342
1842 104206.440709
1843 104411.738076
1844 104617.035442
1845 104822.332809
1846 105027.630176
1847 105232.927542
1848 105438.224909
1849 105643.522276
1850 105848.819642
1851 106054.117009
1852 106259.414376
1853 106464.711742
1854 106670.009109
1855 106875.306476
1856 107080.603842
1857 107285.901209
1858 107491.198576
1859 107696.495942
1860 107901.793309
1861 108107.090676
1862 108312.388042
1863 108517.685409
1864 108722.982776
1865 108928.280142
1866 109133.577509
1867 109338.874876
1868 109544.172242
1869 109749.469609
1870 109954.766976
1871 110160.064342
1872 110365.361709
1873 110570.659076
1874 110776.272611
1875 111005.282629
1876 111234.292648
1877 111463.302666
1878 111692.312684
1879 111921.322702
1880 112150.332721
1881 112379.342739
1882 112608.352757
1883 112837.362775
1884 113066.372794
1885 113295.382812
1886 113524.39283
1887 113753.402848
1888 113982.412867
1889 114211.422885
1890 114440.432903
1891 114669.861937
1892 114930.298117
1893 115190.734296
1894 115451.170476
1895 115711.606655
1896 115972.042835
1897 116232.479014
1898 116492.915194
1899 116752.6524
1900 116957.919235
1901 116959.95471
1902 116963.337885
1903 117066.450827
1904 117169.56377
1905 117272.676712
1906 117375.789654
1907 117478.902597
1908 117582.015539
1909 117685.128481
1910 117788.241424
1911 117891.354366
1912 117994.467308
1913 118097.580251
1914 118200.693193
1915 118303.806135
1916 118406.919078
1917 118510.03202
1918 118613.144962
1919 118716.257905
1920 118819.370847
1921 118922.483789
1922 119025.596732
1923 119128.709674
1924 119230.643121
1925 119245.293925
1926 119259.944729
1927 119274.595534
1928 119289.246338
1929 119303.897142
1930 119318.547946
1931 119333.19875
1932 119347.849554
1933 119362.500358
1934 119377.151163
1935 119391.801967
1936 119406.280375
1937 119408.001508
1938 119409.722641
1939 119411.443774
1940 119413.164907
1941 119414.88604
1942 119416.607173
1943 119418.328306
1944 119420.049438
1945 119421.770571
1946 119423.491704
1947 119425.212837
1948 119426.93397
1949 119428.655103
1950 119430.376236
1951 119432.097369
1952 119433.818502
1953 119435.539634
1954 119437.260767
1955 119438.9819
1956 119440.703033
1957 119442.424166
1958 119444.145299
1959 119445.866432
1960 119447.587565
1961 119449.891416
1962 119495.316449
1963 119540.741482
1964 119586.012617
1965 119619.895279
1966 119653.777941
1967 119687.660604
1968 119721.36707
1969 119742.03503
1970 119762.702989
1971 119783.32158
1972 119800.28692
1973 119817.252259
1974 119834.217599
1975 119851.182939
1976 119868.148278
1977 119885.113618
1978 119901.86433
1979 119902.732605
1980 119903.60088
1981 119904.469155
1982 119905.33743
1983 119906.205705
1984 119907.07398
1985 119907.942255
1986 119908.81053
1987 119909.678805
1988 119910.54708
1989 119911.415355
1990 119912.28363
1991 119913.151906
1992 119914.020181
1993 119914.888456
1994 119915.756731
1995 119916.625006
1996 119917.493281
1997 119918.361556
1998 119919.229831
1999 119920.098106
2000 119920.966381
2001 119921.834656
2002 119922.702931
2003 119923.571206
2004 119924.439481
2005 119925.307756
2006 119926.176032
2007 119927.044307
2008 119927.912582
2009 119928.780857
2010 119929.649132
2011 119930.517407
2012 119931.385682
2013 119932.253957
2014 119933.122232
2015 119933.990507
2016 119934.858782
2017 119935.727057
2018 119936.595332
2019 119937.463607
2020 119938.331883
2021 119939.200158
2022 119940.068433
2023 119940.936708
2024 119941.804983
2025 119942.673258
2026 119943.541533
2027 119944.409808
2028 119945.278083
2029 119946.146358
2030 119947.014633
2031 119947.882908
2032 119948.751183
2033 119949.619458
2034 119950.487733
2035 119951.356009
2036 119952.224284
2037 119953.092559
2038 119953.960834
2039 119954.829109
2040 119957.441507
2041 120089.119047
2042 120220.796586
2043 120352.474125
2044 120484.151664
2045 120615.829203
2046 120747.506743
2047 120879.184282
2048 121010.861821
2049 121142.53936
2050 121274.216899
2051 121405.894439
2052 121537.571978
2053 121669.249517
2054 121800.927056
2055 121932.604595
2056 122064.282135
2057 122195.959674
2058 122327.637213
2059 122459.314752
2060 122590.992291
2061 122722.669831
2062 122854.34737
2063 122986.024909
2064 123117.702448
2065 123249.379987
2066 123381.057527
2067 123512.735066
2068 123644.412605
2069 123776.090144
2070 123907.767683
2071 124039.445222
2072 124171.122762
2073 124302.800301
2074 124434.47784
2075 124564.909341
2076 124603.134044
2077 124641.358746
2078 124679.583448
2079 124717.80815
2080 124756.032853
2081 124794.257555
2082 124833.34309
2083 124936.13024
2084 125038.917391
2085 125141.704542
2086 125244.491692
2087 125347.278843
2088 125450.065994
2089 125552.853144
2090 125655.640295
2091 125758.427445
2092 125861.214596
2093 125964.001747
2094 126066.788897
2095 126169.576048
2096 126272.363199
2097 126375.150349
2098 126477.9375
2099 126580.72465
2100 126683.511801
2101 126786.298952
2102 126889.086102
2103 126991.873253
2104 127094.660403
2105 127197.447554
2106 127300.234705
2107 127403.021855
2108 127505.809006
2109 127608.596157
2110 127711.383307
2111 127814.170458
2112 127916.957608
2113 128019.744759
2114 128122.53191
2115 128225.31906
2116 128328.106211
2117 128430.893361
2118 128533.680512
2119 128635.107418
2120 128635.87621
2121 128636.645002
2122 128637.413794
2123 128638.182587
2124 128638.951379
2125 128640.858623
2126 128727.011343
2127 128813.164063
2128 128900.102482
2129 129045.18271
2130 129190.262937
2131 129335.343165
2132 129480.423392
2133 129625.50362
2134 129770.583848
2135 129915.664075
2136 130060.744303
2137 130205.82453
2138 130350.904758
2139 130494.731542
2140 130545.803519
2141 130596.875497
2142 130647.947475
2143 130699.019452
2144 130750.09143
2145 130801.163407
2146 130852.235385
2147 130903.307363
2148 130954.37934
2149 131005.053373
2150 131026.279473
2151 131047.505573
2152 131068.731674
2153 131089.957774
2154 131111.183874
2155 131132.409975
2156 131153.636075
2157 131174.862175
2158 131196.088275
2159 131217.314376
2160 131238.540476
2161 131259.766576
2162 131280.992676
2163 131302.218777
2164 131323.247429
2165 131329.828833
2166 131348.539538
2167 131367.250244
2168 131385.96095
2169 131404.671656
2170 131423.382361
2171 131442.093067
2172 131460.803773
2173 131479.514478
2174 131498.225184
2175 131516.93589
2176 131535.646596
2177 131554.357301
2178 131573.068007
2179 131591.778713
2180 131610.489418
2181 131629.200124
2182 131647.91083
2183 131666.621536
2184 131685.332241
2185 131704.042947
2186 131722.753653
2187 131741.464358
2188 131760.175064
2189 131778.88577
2190 131797.596475
2191 131816.307181
2192 131835.319281
2193 131876.634535
2194 131917.949788
2195 131959.265042
2196 132000.580296
2197 132041.89555
2198 132083.210804
2199 132124.526057
2200 132165.841311
2201 132207.156565
2202 132248.471819
2203 132290.348884
2204 132373.800006
2205 132457.251127
2206 132540.702249
2207 132624.153371
2208 132707.604492
2209 132791.055614
2210 132874.506736
2211 132957.957857
2212 133041.408979
2213 133124.860101
2214 133208.311222
2215 133291.762344
2216 133375.213466
2217 133458.664587
2218 133542.115709
2219 133625.566831
2220 133709.017952
2221 133792.469074
2222 133875.920195
2223 133959.371317
2224 134042.822439
2225 134126.27356
2226 134209.724682
2227 134293.175804
2228 134376.626925
2229 134460.078047
2230 134543.529169
2231 134626.98029
2232 134710.431412
2233 134793.882534
2234 134877.333655
2235 134960.784777
2236 135044.235899
2237 135126.632166
2238 135130.969207
2239 135135.306249
2240 135139.64329
2241 135143.980332
2242 135148.317373
2243 135152.654415
2244 135156.991456
2245 135161.328498
2246 135165.665539
2247 135170.002581
2248 135174.339622
2249 135178.676664
2250 135183.013705
2251 135187.350747
2252 135191.687788
2253 135196.02483
2254 135200.361871
2255 135204.698913
2256 135209.035954
2257 135213.372996
2258 135217.710037
2259 135222.047078
2260 135226.38412
2261 135230.721161
2262 135235.058203
2263 135239.395244
2264 135243.732286
2265 135248.069327
2266 135252.406369
2267 135256.74341
2268 135261.080452
2269 135265.417493
2270 135269.754535
2271 135274.091576
2272 135278.428618
2273 135282.765659
2274 135287.102701
2275 135291.439742
2276 135295.776784
2277 135300.113825
2278 135304.450867
2279 135309.150607
2280 135340.690093
2281 135372.229578
2282 135403.769064
2283 135435.308549
2284 135466.848035
2285 135498.38752
2286 135529.927005
2287 135561.466491
2288 135593.005976
2289 135624.545462
2290 135656.084947
2291 135687.624433
2292 135719.163918
2293 135750.703403
2294 135782.242889
2295 135813.782374
2296 135845.32186
2297 135876.861345
2298 135908.400831
2299 135939.940316
2300 135971.479801
2301 136003.019287
2302 136034.558772
2303 136066.098258
2304 136097.637743
2305 136129.177229
2306 136160.716714
2307 136192.256199
2308 136223.795685
2309 136255.33517
2310 136286.874656
2311 136318.961381
2312 136390.893459
2313 136414.694837
2314 136438.496216
2315 136462.297594
2316 136486.098973
2317 136509.900351
2318 136533.70173
2319 136557.503108
2320 136581.309064
2321 136605.453769
2322 136629.598474
2323 136653.743179
2324 136677.887884
2325 136702.032589
2326 136726.177294
2327 136750.321999
2328 136774.466704
2329 136798.611408
2330 136822.756113
2331 136846.900818
2332 136871.045523
2333 136896.928966
2334 137051.478983
2335 137206.029
2336 137360.579017
2337 137515.129034
2338 137669.679051
2339 137824.229068
2340 137978.779085
2341 138133.329102
2342 138287.879119
2343 138442.429136
2344 138596.979154
2345 138751.529171
2346 138906.079188
2347 139060.629205
2348 139215.179222
2349 139369.729239
2350 139524.279256
2351 139678.829273
2352 139833.37929
2353 139987.929307
2354 140142.479324
2355 140297.029341
2356 140451.579359
2357 140606.129376
2358 140760.679393
2359 140915.22941
2360 141069.779427
2361 141224.329444
2362 141378.879461
2363 141533.429478
2364 141687.979495
2365 141841.911872
2366 141950.138887
2367 142058.365902
2368 142166.592917
2369 142274.819933
2370 142383.046948
2371 142491.273963
2372 142599.500978
2373 142707.727993
2374 142815.955008
2375 142924.182023
2376 143032.409038
2377 143140.636053
2378 143248.863068
2379 143357.090083
2380 143465.317098
2381 143573.544113
2382 143681.771128
2383 143789.998143
2384 143898.225158
2385 144006.452174
2386 144114.679189
2387 144222.906204
2388 144331.133219
2389 144439.360234
2390 144547.587249
2391 144655.814264
2392 144764.041279
2393 144872.268294
2394 144980.495309
2395 145088.722324
2396 145196.949339
2397 145305.176354
2398 145413.403369
2399 145521.630384
2400 145629.857399
2401 145738.084415
2402 145846.31143
2403 145954.538445
2404 146062.76546
2405 146170.992475
2406 146279.21949
2407 146387.446505
2408 146495.67352
2409 146603.900535
2410 146712.12755
2411 146820.354565
2412 146928.58158
2413 147036.815745
2414 147145.578974
2415 147254.342202
2416 147363.105431
2417 147471.86866
2418 147580.631889
2419 147689.395118
2420 147798.158347
2421 147906.921576
2422 148015.684804
2423 148124.448033
2424 148233.211262
2425 148341.974491
2426 148450.73772
2427 148559.500949
2428 148668.264177
2429 148777.027406
2430 148885.790635
2431 148994.553864
2432 149103.317093
2433 149212.080322
2434 149320.84355
2435 149430.370616
2436 149595.12341
2437 149664.81624
2438 149809.129286
2439 149953.442332
2440 150097.755378
2441 150242.068424
2442 150386.38147
2443 150530.694516
2444 150675.007562
2445 150819.320608
2446 150963.633654
2447 151107.946701
2448 151252.259747
2449 151396.572793
2450 151540.885839
2451 151683.482239
2452 151699.046847
2453 151714.611455
2454 151730.176063
2455 151745.740671
2456 151763.071346
2457 151911.090932
2458 152060.045445
2459 152278.184489
2460 152496.323532
2461 152714.462576
2462 152932.60162
2463 153150.740664
2464 153368.817231
2465 153582.270522
2466 153795.723813
2467 154009.177105
2468 154222.630396
2469 154436.083688
2470 154649.536979
2471 154862.990271
2472 155076.443562
2473 155289.896853
2474 155503.350145
2475 155716.803436
2476 155929.13289
2477 156058.298332
2478 156187.463775
2479 156316.629217
2480 156445.79466
2481 156574.960102
2482 156704.209464
2483 156839.668809
2484 156975.128155
2485 157110.587501
2486 157246.046846
2487 157381.506192
2488 157516.965538
2489 157652.424883
2490 157787.884229
2491 157923.343575
2492 158058.80292
2493 158194.262266
2494 158329.721612
2495 158465.180957
2496 158600.640303
2497 158736.099649
2498 158871.558994
2499 159007.01834
2500 159142.477686
2501 159277.937031
2502 159413.396377
2503 159548.855723
2504 159684.315068
2505 159819.774414
2506 159955.23376
2507 160090.48073
2508 160210.011932
2509 160329.543134
2510 160449.074336
2511 160568.605539
2512 160688.136741
2513 160807.242375
2514 160894.855987
2515 160982.469599
2516 161070.083212
2517 161157.696824
2518 161245.310436
2519 161332.924048
2520 161420.537661
2521 161508.151273
2522 161595.764885
2523 161683.378498
2524 161770.99211
2525 161858.605722
2526 161946.219334
2527 162033.832947
2528 162122.947624
2529 162321.808653
2530 162422.067762
2531 162522.059942
2532 162602.299427
2533 162682.538911
2534 162762.778395
2535 162843.017879
2536 162923.257363
2537 163003.496847
2538 163083.736331
2539 163163.975816
2540 163244.2153
2541 163324.454784
2542 163404.694268
2543 163484.933752
2544 163565.173236
2545 163645.412721
2546 163725.652205
2547 163805.891689
2548 163886.131173
2549 163965.943729
2550 164014.163553
2551 164062.383377
2552 164110.603201
2553 164158.823025
2554 164207.042849
2555 164255.262673
2556 164303.482497
2557 164351.702321
2558 164399.922145
2559 164448.141969
2560 164496.361793
2561 164544.581617
2562 164592.801441
2563 164641.021265
2564 164689.241089
2565 164737.460914
2566 164785.680738
2567 164833.900562
2568 164882.120386
2569 164930.34021
2570 164978.560034
2571 165026.779858
2572 165074.999682
2573 165123.219506
2574 165171.43933
2575 165219.659154
2576 165267.878978
2577 165316.098802
2578 165366.421229
2579 165569.934453
2580 165595.714743
2581 165621.495034
2582 165647.275325
2583 165673.055616
2584 165698.835907
2585 165724.616198
2586 165750.396488
2587 165776.176779
2588 165801.95707
2589 165827.737361
2590 165853.517652
2591 165879.297943
2592 165905.078233
2593 165930.858524
2594 165956.638815
2595 165982.419106
2596 166008.199397
2597 166033.979688
2598 166059.759978
2599 166085.540269
2600 166111.32056
2601 166137.100851
2602 166162.692548
2603 166174.328274
2604 166186.928692
2605 166270.916256
2606 166354.90382
2607 166438.891385
2608 166522.878949
2609 166606.866513
2610 166690.854078
2611 166775.30278
2612 166893.875671
2613 167012.448563
2614 167132.360027
2615 167351.325828
2616 167570.291629
2617 167789.25743
2618 168008.22323
2619 168227.189031
2620 168446.154832
2621 168663.826567
2622 168785.737447
2623 168906.54746
2624 168945.89323
2625 168985.239001
2626 169024.584771
2627 169063.930542
2628 169103.276312
2629 169142.622083
2630 169181.967853
2631 169221.313624
2632 169260.659395
2633 169300.005165
2634 169339.350936
2635 169378.696706
2636 169418.042477
2637 169457.388247
2638 169496.734018
2639 169536.079788
2640 169575.425559
2641 169614.912231
2642 169664.825624
2643 169714.739017
2644 169764.652411
2645 169814.565804
2646 169864.479197
2647 169914.39259
2648 169964.305983
2649 170014.219377
2650 170064.13277
2651 170114.046163
2652 170163.959556
2653 170213.872949
2654 170263.786343
2655 170313.699736
2656 170363.613129
2657 170413.278662
2658 170444.602543
2659 170475.926424
2660 170507.250304
2661 170538.574185
2662 170569.898066
2663 170601.221947
2664 170632.545828
2665 170663.869708
2666 170695.193589
2667 170726.51747
2668 170757.841351
2669 170789.165231
2670 170820.489112
2671 170851.812993
2672 170883.136874
2673 170914.460754
2674 170945.784635
2675 170977.108516
2676 171008.432397
2677 171039.756278
2678 171071.080158
2679 171102.091795
2680 171109.997367
2681 171117.902939
2682 171125.808512
2683 171133.714084
2684 171141.619656
2685 171149.525228
2686 171157.4308
2687 171165.336373
2688 171173.241945
2689 171181.147517
2690 171190.270299
2691 171289.466601
2692 171388.662902
2693 171487.502928
2694 171559.978554
2695 171632.454179
2696 171704.929804
2697 171777.40543
2698 171849.881055
2699 171922.35668
2700 171994.832305
2701 172067.307931
2702 172139.783556
2703 172212.259181
2704 172284.734806
2705 172357.210432
2706 172429.686057
2707 172502.161682
2708 172574.637307
2709 172647.112933
2710 172718.927798
2711 172741.846446
2712 172764.765094
2713 172787.683742
2714 172810.60239
2715 172834.453945
2716 172927.340657
2717 173020.227368
2718 173113.11408
2719 173207.292945
2720 173397.0912
2721 173586.889456
2722 173776.687711
2723 173966.485966
2724 174156.284221
2725 174346.082476
2726 174535.880732
2727 174725.678987
2728 174915.477242
2729 175105.275497
2730 175295.073753
2731 175484.872008
2732 175673.406343
2733 175768.410567
2734 175863.414792
2735 175958.419017
2736 176053.423241
2737 176148.427466
2738 176243.431691
2739 176338.435915
2740 176433.44014
2741 176528.444365
2742 176623.448589
2743 176718.452814
2744 176813.457039
2745 176908.461263
2746 177003.465488
2747 177097.882508
2748 177148.846377
2749 177199.810246
2750 177250.774115
2751 177301.737985
2752 177352.701854
2753 177403.665723
2754 177454.629592
2755 177505.593462
2756 177556.557331
2757 177607.5212
2758 177658.485069
2759 177709.448939
2760 177760.617699
2761 177826.948393
2762 177893.279087
2763 177959.609781
2764 178025.940475
2765 178093.17935
2766 178227.623593
2767 178362.067835
2768 178496.512077
2769 178630.367588
2770 178720.656965
2771 178810.946342
2772 178901.235718
2773 178991.525095
2774 179081.814471
2775 179171.829675
2776 179241.556086
2777 179311.282497
2778 179381.008908
2779 179450.735319
2780 179520.46173
2781 179590.188141
2782 179659.914552
2783 179729.640962
2784 179799.367373
2785 179869.093784
2786 179938.820195
2787 180008.546606
2788 180078.25536
2789 180146.657471
2790 180215.059583
2791 180283.461695
2792 180351.863807
2793 180420.265919
2794 180489.079089
2795 180588.310614
2796 180687.276119
2797 180766.556255
2798 180845.83639
2799 180925.116525
2800 181004.396661
2801 181083.676796
2802 181162.956932
2803 181242.237067
2804 181323.852602
2805 181578.287683
2806 181832.722764
2807 182087.157845
2808 182341.592926
2809 182596.028007
2810 182850.463088
2811 183104.898169
2812 183359.33325
2813 183611.309287
2814 183681.316054
2815 183751.322821
2816 183821.329588
2817 183891.336354
2818 183961.343121
2819 184031.349888
2820 184101.356655
2821 184171.396449
2822 184243.880233
2823 184316.364018
2824 184388.847803
2825 184461.331587
2826 184533.702515
2827 184597.722011
2828 184661.741507
2829 184725.761003
2830 184789.780499
2831 184853.799995
2832 184917.819491
2833 184981.838987
2834 185045.858484
2835 185109.87798
2836 185173.897476
2837 185237.916972
2838 185301.936468
2839 185365.955964
2840 185429.97546
2841 185493.994956
2842 185558.014452
2843 185622.033949
2844 185686.053445
2845 185750.072941
2846 185814.092437
2847 185878.111933
2848 185942.131429
2849 186006.150925
2850 186070.170421
2851 186134.189918
2852 186198.209414
2853 186262.22891
2854 186326.248406
2855 186390.267902
2856 186454.287398
2857 186518.306894
2858 186582.32639
2859 186646.345887
2860 186710.365383
2861 186773.794344
2862 186793.916684
2863 186843.114841
2864 186892.312999
2865 186941.511156
2866 186990.709314
2867 187039.907471
2868 187089.105629
2869 187138.303786
2870 187187.501944
2871 187236.700101
2872 187285.898259
2873 187335.096416
2874 187384.294574
2875 187433.310755
2876 187468.860665
2877 187504.410576
2878 187539.960486
2879 187575.510396
2880 187611.060307
2881 187646.610217
2882 187682.160127
2883 187717.710038
2884 187753.259948
2885 187788.809858
2886 187824.359769
2887 187859.909679
2888 187895.45959
2889 187931.0095
2890 187966.55941
2891 188002.109321
2892 188037.659231
2893 188073.209141
2894 188108.759052
2895 188144.308962
2896 188179.87047
2897 188216.290167
2898 188252.709864
2899 188289.6036
2900 188361.57624
2901 188433.548881
2902 188505.521521
2903 188577.494161
2904 188649.466801
2905 188721.439441
2906 188793.412081
2907 188865.384722
2908 188937.357362
2909 189009.330002
2910 189081.302642
2911 189153.275282
2912 189225.247922
2913 189297.220563
2914 189369.193203
2915 189441.165843
2916 189513.138483
2917 189585.111123
2918 189657.083763
2919 189729.056403
2920 189801.029044
2921 189873.001684
2922 189944.974324
2923 190016.946964
2924 190088.919604
2925 190160.892244
2926 190232.864885
2927 190304.837525
2928 190376.810165
2929 190448.782805
2930 190520.755445
2931 190592.728085
2932 190664.700726
2933 190736.673366
2934 190808.646006
2935 190880.618646
2936 190952.591286
2937 191024.563926
2938 191096.536567
2939 191168.509207
2940 191240.481847
2941 191312.454487
2942 191384.427127
2943 191455.931477
2944 191492.78231
2945 191529.633144
2946 191566.483977
2947 191603.334811
2948 191640.185645
2949 191677.036478
2950 191713.887312
2951 191750.738145
2952 191787.588979
2953 191824.439813
2954 191861.994395
2955 191951.626369
2956 192041.258343
2957 192130.890317
2958 192220.522291
2959 192310.154265
2960 192399.786239
2961 192489.418214
2962 192579.050188
2963 192668.682162
2964 192758.314136
2965 192847.94611
2966 192937.578084
2967 193027.210058
2968 193116.842032
2969 193206.386198
2970 193289.432557
2971 193372.478916
2972 193455.525275
2973 193538.571634
2974 193621.617993
2975 193704.664352
2976 193787.710711
2977 193870.75707
2978 193953.803429
2979 194036.849788
2980 194119.896147
2981 194202.942506
2982 194285.988865
2983 194369.035224
2984 194452.081583
2985 194535.127941
2986 194617.175968
2987 194625.347401
2988 194633.518834
2989 194641.690267
2990 194649.8617
2991 194658.033133
2992 194666.204566
2993 194674.375998
2994 194682.547431
2995 194690.718864
2996 194698.890297
2997 194707.06173
2998 194715.233163
2999 194723.404596
3000 194731.576029
3001 194739.747462
3002 194747.918895
3003 194756.090327
3004 194764.26176
3005 194772.433193
3006 194780.604626
3007 194788.776059
3008 194796.947492
3009 194805.118925
3010 194813.290358
3011 194821.461791
3012 194829.633224
3013 194837.804656
3014 194845.976089
3015 194854.147522
3016 194862.318955
3017 194870.490388
3018 194878.661821
3019 194886.833254
3020 194895.004687
3021 194903.17612
3022 194912.046545
3023 194972.642442
3024 195033.238338
3025 195093.834235
3026 195154.430131
3027 195215.026027
3028 195275.621924
3029 195336.21782
3030 195396.813716
3031 195457.409613
3032 195518.005509
3033 195578.601405
3034 195639.197302
3035 195699.793198
3036 195760.389094
3037 195820.984991
3038 195881.580887
3039 195942.176783
3040 196002.77268
3041 196063.368576
3042 196123.964473
3043 196184.560369
3044 196245.156265
3045 196305.752162
3046 196366.348058
3047 196426.943954
3048 196487.539851
3049 196548.135747
3050 196608.731643
3051 196669.32754
3052 196729.923436
3053 196790.519332
3054 196851.115229
3055 196911.711125
3056 196972.307021
3057 197032.902918
3058 197093.498814
3059 197154.09471
3060 197214.690607
3061 197275.286503
3062 197335.8824
3063 197396.478296
3064 197457.074192
3065 197517.670089
3066 197578.265985
3067 197638.861881
3068 197699.457778
3069 197760.053674
3070 197820.64957
3071 197881.245467
3072 197941.841363
3073 198002.437259
3074 198063.033156
3075 198123.629052
3076 198184.224948
3077 198244.820845
3078 198305.416741
3079 198366.012638
3080 198426.608534
3081 198487.20443
3082 198548.311606
3083 198647.253438
3084 198746.195271
3085 198845.137103
3086 198944.078936
3087 199043.020769
3088 199141.962601
3089 199240.904434
3090 199339.846266
3091 199438.788099
3092 199537.729931
3093 199636.671764
3094 199735.613596
3095 199834.555429
3096 199933.497262
3097 200032.439094
3098 200131.380927
3099 200230.322759
3100 200329.264592
3101 200428.206424
3102 200527.148257
3103 200625.103901
3104 200650.081637
3105 200675.059373
3106 200700.037108
3107 200725.014844
3108 200749.99258
3109 200774.970315
3110 200800.162461
3111 200841.220948
3112 200882.279435
3113 200923.337922
3114 200964.396408
3115 201005.454895
3116 201046.513382
3117 201087.571869
3118 201128.630356
3119 201169.688843
3120 201210.747329
3121 201251.805816
3122 201292.864303
3123 201333.92279
3124 201374.981277
3125 201415.515882
3126 201417.283284
3127 201419.050686
3128 201420.818088
3129 201422.58549
3130 201424.352892
3131 201427.330177
3132 201519.838837
3133 201612.347497
3134 201704.856157
3135 201797.364818
3136 201889.873478
3137 201982.382138
3138 202074.890798
3139 202167.399458
3140 202259.908119
3141 202352.416779
3142 202444.925439
3143 202537.434099
3144 202629.942759
3145 202722.451419
3146 202814.96008
3147 202907.46874
3148 202999.9774
3149 203092.48606
3150 203184.99472
3151 203277.503381
3152 203370.012041
3153 203462.520701
3154 203555.029361
3155 203647.538021
3156 203740.046682
3157 203832.555342
3158 203925.064002
3159 204017.572662
3160 204110.081322
3161 204202.589982
3162 204295.098643
3163 204387.607303
3164 204480.115963
3165 204572.624623
3166 204665.133283
3167 204757.641944
3168 204850.150604
3169 204942.659264
3170 205035.167924
3171 205127.676584
3172 205220.185245
3173 205311.536311
3174 205317.225467
3175 205322.914622
3176 205328.603778
3177 205334.292933
3178 205339.982088
3179 205345.671244
3180 205351.360399
3181 205357.049555
3182 205362.73871
3183 205368.427866
3184 205374.117021
3185 205379.806176
3186 205385.495332
3187 205391.184487
3188 205396.873643
3189 205402.562798
3190 205408.251954
3191 205413.941109
3192 205419.630264
3193 205425.31942
3194 205431.008575
3195 205436.697731
3196 205442.386886
3197 205448.076041
3198 205453.765197
3199 205459.454352
3200 205465.965191
3201 205533.280593
3202 205600.595995
3203 205667.911397
3204 205735.2268
3205 205802.542202
3206 205869.857604
3207 205937.173006
3208 206005.445979
3209 206144.579238
3210 206283.712496
3211 206422.845755
3212 206561.979013
3213 206701.112272
3214 206840.24553
3215 206979.378788
3216 207118.512047
3217 207256.840598
3218 207335.620802
3219 207415.177875
3220 207552.223289
3221 207689.268704
3222 207826.314118
3223 207963.359532
3224 208100.404947
3225 208237.450361
3226 208374.495775
3227 208511.54119
3228 208648.586604
3229 208785.632019
3230 208922.677433
3231 209059.722847
3232 209196.768262
3233 209333.813676
3234 209470.85909
3235 209607.904505
3236 209744.949919
3237 209881.995334
3238 210019.040748
3239 210156.086162
3240 210293.131577
3241 210430.176991
3242 210567.222405
3243 210704.26782
3244 210841.313234
3245 210978.358648
3246 211115.404063
3247 211252.449477
3248 211389.494892
3249 211526.540306
3250 211663.58572
3251 211800.631135
3252 211937.676549
3253 212074.721963
3254 212211.767378
3255 212348.812792
3256 212485.858207
3257 212622.903621
3258 212759.949035
3259 212896.99445
3260 213034.039864
3261 213171.085278
3262 213308.130693
3263 213445.176107
3264 213582.221521
3265 213719.266936
3266 213856.31235
3267 213993.357765
3268 214130.403179
3269 214267.448593
3270 214404.494008
3271 214541.539422
3272 214678.584836
3273 214815.630251
3274 214952.540724
3275 215079.465581
3276 215206.390438
3277 215333.315295
3278 215460.240152
3279 215587.165009
3280 215714.089866
3281 215841.014722
3282 215967.939579
3283 216093.179478
3284 216093.732445
3285 216094.285413
3286 216094.838381
3287 216095.391348
3288 216095.944316
3289 216096.497284
3290 216097.050252
3291 216097.603219
3292 216098.156187
3293 216098.709155
3294 216099.262122
3295 216099.81509
3296 216100.368058
3297 216100.921026
3298 216101.473993
3299 216102.026961
3300 216102.579929
3301 216103.132896
3302 216104.584139
3303 216172.507721
3304 216240.431304
3305 216308.354886
3306 216376.278469
3307 216444.202051
3308 216512.125634
3309 216580.049216
3310 216647.972799
3311 216715.135792
3312 216726.01517
3313 216736.894547
3314 216747.773925
3315 216758.653303
3316 216769.532681
3317 216780.412058
3318 216791.291436
3319 216802.170814
3320 216813.050191
3321 216823.929569
3322 216834.808947
3323 216845.688324
3324 216856.567702
3325 216867.44708
3326 216878.326458
3327 216889.205835
3328 216900.465612
3329 216939.874921
3330 216979.284229
3331 217018.693537
3332 217058.102846
3333 217097.512154
3334 217136.921463
3335 217176.330771
3336 217215.740079
3337 217255.149388
3338 217294.558696
3339 217333.968005
3340 217373.377313
3341 217412.786622
3342 217452.19593
3343 217491.605238
3344 217531.081942
3345 217575.545874
3346 217621.395687
3347 217769.800723
3348 217918.205759
3349 218066.610795
3350 218215.01583
3351 218363.420866
3352 218511.825902
3353 218660.230937
3354 218808.635973
3355 218957.041009
3356 219105.446044
3357 219253.85108
3358 219402.256116
3359 219550.661151
3360 219699.066187
3361 219847.471223
3362 219995.876258
3363 220144.281294
3364 220292.68633
3365 220441.091366
3366 220589.496401
3367 220737.901437
3368 220886.306473
3369 221034.711508
3370 221183.116544
3371 221331.52158
3372 221479.926615
3373 221628.331651
3374 221776.736687
3375 221925.141722
3376 222073.546758
3377 222221.951794
3378 222370.356829
3379 222518.761865
3380 222667.166901
3381 222814.185978
3382 222858.644112
3383 222903.102247
3384 222947.560381
3385 222992.018516
3386 223036.453274
3387 223079.158172
3388 223121.86307
3389 223164.567968
3390 223207.272866
3391 223249.977764
3392 223292.682663
3393 223335.387561
3394 223378.092459
3395 223420.797357
3396 223463.502255
3397 223506.207153
3398 223548.912051
3399 223591.616949
3400 223634.321848
3401 223677.026746
3402 223719.731644
3403 223762.436542
3404 223805.14144
3405 223847.846338
3406 223890.551236
3407 223933.256134
3408 223975.961032
3409 224018.665931
3410 224061.370829
3411 224104.075727
3412 224146.780625
3413 224189.468549
3414 224231.211256
3415 224295.95733
3416 224360.703403
3417 224425.449477
3418 224490.195551
3419 224554.941624
3420 224619.687698
3421 224684.433772
3422 224749.179845
3423 224813.925919
3424 224878.671993
3425 224943.418066
3426 225008.16414
3427 225072.910214
3428 225137.656287
3429 225202.402361
3430 225267.148435
3431 225331.894508
3432 225396.640582
3433 225461.386656
3434 225526.13273
3435 225590.878803
3436 225655.624877
3437 225720.370951
3438 225785.117024
3439 225849.863098
3440 225914.609172
3441 225979.355245
3442 226044.101319
3443 226108.847393
3444 226173.593466
3445 226238.33954
3446 226303.085614
3447 226367.831687
3448 226432.577761
3449 226497.323835
3450 226562.069908
3451 226626.815982
3452 226691.562056
3453 226756.308129
3454 226821.054203
3455 226885.800277
3456 226950.546351
3457 227015.292424
3458 227080.038498
3459 227146.131576
3460 227311.902968
3461 227477.67436
3462 227643.445752
3463 227809.217143
3464 227974.988535
3465 228140.759927
3466 228306.531319
3467 228472.302711
3468 228638.074103
3469 228803.845495
3470 228969.616887
3471 229135.388279
3472 229301.159671
3473 229466.931063
3474 229632.702455
3475 229798.473847
3476 229964.245239
3477 230130.01663
3478 230295.788022
3479 230461.559414
3480 230627.330806
3481 230793.102198
3482 230958.87359
3483 231124.644982
3484 231290.416374
3485 231454.686676
3486 231508.325082
3487 231595.17078
3488 231682.016479
3489 231768.862178
3490 231855.707877
3491 231942.553575
3492 232029.399274
3493 232116.244973
3494 232201.950428
3495 232203.277839
3496 232204.605249
3497 232205.93266
3498 232207.260071
3499 232208.587482
3500 232209.914893
3501 232211.242304
3502 232212.569714
3503 232213.897125
3504 232215.224536
3505 232216.551947
3506 232217.879358
3507 232219.206769
3508 232220.534179
3509 232221.86159
3510 232223.189001
3511 232224.516412
3512 232225.843823
3513 232227.171234
3514 232228.498644
3515 232229.826055
3516 232231.153466
3517 232232.480877
3518 232233.864041
3519 232239.372913
3520 232244.881786
3521 232250.390659
3522 232255.899532
3523 232261.408405
3524 232266.917278
3525 232272.426151
3526 232277.935023
3527 232283.443896
3528 232288.952769
3529 232294.461642
3530 232299.970515
3531 232305.479388
3532 232310.988261
3533 232316.497133
3534 232322.006006
3535 232327.514879
3536 232333.023752
3537 232338.532625
3538 232344.282716
3539 232367.882962
3540 232391.483207
3541 232415.083453
3542 232438.683698
3543 232462.283944
3544 232485.884189
3545 232509.484435
3546 232533.08468
3547 232557.547942
3548 232645.87442
3549 232734.200898
3550 232822.527377
3551 232910.853855
3552 232999.180333
3553 233087.506812
3554 233175.83329
3555 233264.159768
3556 233352.486246
3557 233440.812725
3558 233529.139203
3559 233617.465681
3560 233705.79216
3561 233794.118638
3562 233882.445116
3563 233970.771594
3564 234059.098073
3565 234147.424551
3566 234235.751029
3567 234324.077507
3568 234412.403986
3569 234500.730464
3570 234589.056942
3571 234677.383421
3572 234765.709899
3573 234854.036377
3574 234942.362855
3575 235030.689334
3576 235119.015812
3577 235207.34229
3578 235296.080388
3579 235415.278348
3580 235534.476308
3581 235653.674268
3582 235772.872227
3583 235890.894349
3584 235921.904433
3585 235954.330811
3586 236090.805898
3587 236171.262618
3588 236251.719337
3589 236332.176057
3590 236412.632777
3591 236493.089497
3592 236573.546216
3593 236654.002936
3594 236734.459656
3595 236814.916375
3596 236895.087129
3597 236954.096421
3598 237013.105713
3599 237072.115004
3600 237131.124296
3601 237190.133587
3602 237249.142879
3603 237308.15217
3604 237367.161462
3605 237426.170753
3606 237485.180045
3607 237544.189337
3608 237603.198628
3609 237662.20792
3610 237721.217211
3611 237780.653663
3612 237871.699968
3613 237962.746272
3614 238053.792577
3615 238144.838881
3616 238235.885186
3617 238326.931491
3618 238417.977795
3619 238509.0241
3620 238600.070404
3621 238691.116709
3622 238782.163014
3623 238873.209318
3624 238964.255623
3625 239055.301927
3626 239146.348232
3627 239237.394537
3628 239328.440841
3629 239419.487146
3630 239510.53345
3631 239601.579755
3632 239692.62606
3633 239783.672364
3634 239874.718669
3635 239965.764973
3636 240056.811278
3637 240147.857583
3638 240238.903887
3639 240329.950192
3640 240420.996496
3641 240512.042801
3642 240603.051222
3643 240691.256247
3644 240779.461272
3645 240867.666297
3646 240955.871322
3647 241044.076347
3648 241132.281372
3649 241220.486397
3650 241308.697786
3651 241397.380127
3652 241486.576495
3653 241613.810878
3654 241741.045261
3655 241868.279644
3656 241995.514027
3657 242122.74841
3658 242249.982793
3659 242377.217176
3660 242504.451558
3661 242631.685941
3662 242758.920324
3663 242886.154707
3664 243012.196347
3665 243049.975011
3666 243087.753674
3667 243125.532337
3668 243163.311001
3669 243201.089664
3670 243238.868327
3671 243276.646991
3672 243314.425654
3673 243352.204317
3674 243389.982981
3675 243427.761644
3676 243465.540307
3677 243503.31897
3678 243541.097634
3679 243578.876297
3680 243616.65496
3681 243654.651294
3682 243708.755251
3683 243762.859207
3684 243816.963164
3685 243871.06712
3686 243925.171077
3687 243978.695345
3688 243989.322694
3689 243999.950043
3690 244012.00464
3691 244129.675614
3692 244247.346589
3693 244365.017564
3694 244482.688539
3695 244600.359513
3696 244718.030488
3697 244835.701463
3698 244953.372438
3699 245071.043413
3700 245188.714387
3701 245307.824043
3702 245533.39609
3703 245758.968138
3704 245984.540185
3705 246210.112232
3706 246434.836209
3707 246596.802977
3708 246758.769745
3709 246920.736514
3710 247082.703282
3711 247244.67005
3712 247406.636818
3713 247568.603587
3714 247730.570355
3715 247892.537123
3716 248054.503891
3717 248216.470659
3718 248378.437428
3719 248540.404196
3720 248702.370964
3721 248864.337732
3722 249026.3045
3723 249187.4056
3724 249284.447218
3725 249381.488835
3726 249478.530453
3727 249575.572071
3728 249672.613688
3729 249769.655306
3730 249866.696923
3731 249964.465302
3732 250116.013997
3733 250267.562691
3734 250418.075419
3735 250491.926557
3736 250565.777696
3737 250639.628834
3738 250713.479972
3739 250787.331111
3740 250861.182249
3741 250935.033388
3742 251008.884526
3743 251083.744206
3744 251233.235969
3745 251382.727732
3746 251532.219495
3747 251681.711257
3748 251831.20302
3749 251980.694783
3750 252129.591265
3751 252234.436986
3752 252339.282706
3753 252444.128427
3754 252548.974148
3755 252653.819869
3756 252758.665589
3757 252863.51131
3758 252968.357031
3759 253073.202751
3760 253178.048472
3761 253282.894193
3762 253387.739913
3763 253492.585634
3764 253597.431355
3765 253702.277075
3766 253807.122796
3767 253911.968517
3768 254016.814237
3769 254121.659958
3770 254226.505679
3771 254331.351399
3772 254436.19712
3773 254541.042841
3774 254645.888561
3775 254750.734282
3776 254855.580003
3777 254960.425723
3778 255065.271444
3779 255170.117165
3780 255274.962885
3781 255379.808606
3782 255484.654327
3783 255589.500047
3784 255694.345768
3785 255799.191489
3786 255904.037209
3787 256008.88293
3788 256113.728651
3789 256218.574372
3790 256323.420092
3791 256428.265813
3792 256533.111534
3793 256638.330689
3794 256771.184021
3795 256902.546882
3796 256923.614869
3797 256944.682856
3798 256965.750843
3799 256986.81883
3800 257007.886817
3801 257029.580207
3802 257097.553408
3803 257165.52661
3804 257233.499811
3805 257301.473013
3806 257369.446214
3807 257437.419415
3808 257505.392617
3809 257573.365818
3810 257641.339019
3811 257709.312221
3812 257777.285422
3813 257845.258624
3814 257913.231825
3815 257981.205026
3816 258049.178228
3817 258117.151429
3818 258185.124631
3819 258253.097832
3820 258321.071033
3821 258389.044235
3822 258457.017436
3823 258524.990637
3824 258592.963839
3825 258660.93704
3826 258728.910242
3827 258796.883443
3828 258865.297606
3829 258966.342913
3830 259067.388221
3831 259168.433529
3832 259269.478836
3833 259370.524144
3834 259471.569452
3835 259572.614759
3836 259675.038066
3837 259879.433316
3838 260083.828566
3839 260288.223815
3840 260492.619065
3841 260697.014315
3842 260901.409565
3843 261105.804814
3844 261310.200064
3845 261514.595314
3846 261717.743504
3847 261828.355019
3848 261920.150071
3849 262011.945123
3850 262103.740175
3851 262195.535227
3852 262287.330278
3853 262379.12533
3854 262470.920382
3855 262562.455022
3856 262634.71923
3857 262706.983438
3858 262779.247646
3859 262851.511854
3860 262923.776062
3861 262996.040269
3862 263068.304477
3863 263140.568685
3864 263212.832893
3865 263285.097101
3866 263357.361309
3867 263429.625516
3868 263501.889724
3869 263574.153932
3870 263646.41814
3871 263718.682348
3872 263790.946556
3873 263863.210763
3874 263935.474971
3875 264007.739179
3876 264080.003387
3877 264152.267595
3878 264224.531803
3879 264296.796011
3880 264369.060218
3881 264441.324426
3882 264513.588634
3883 264585.852842
3884 264658.11705
3885 264730.381258
3886 264802.645465
3887 264874.909673
3888 264947.173881
3889 265019.438089
3890 265091.702297
3891 265163.966505
3892 265236.230712
3893 265308.49492
3894 265380.759128
3895 265453.023336
3896 265525.287544
3897 265597.551752
3898 265669.815959
3899 265742.080167
3900 265814.344375
3901 265886.608583
3902 265958.872791
3903 266031.136999
3904 266103.401206
3905 266175.665414
3906 266247.281883
3907 266270.965644
3908 266294.649405
3909 266318.333165
3910 266342.016926
3911 266365.700687
3912 266389.384448
3913 266413.068209
3914 266436.75197
3915 266460.435731
3916 266484.119492
3917 266508.690513
3918 266598.918771
3919 266689.147029
3920 266779.375287
3921 266869.603545
3922 266959.831803
3923 267050.060061
3924 267140.288319
3925 267230.516577
3926 267320.744835
3927 267410.973093
3928 267501.201351
3929 267590.861096
3930 267638.450909
3931 267686.040722
3932 267733.630536
3933 267781.220349
3934 267828.810162
3935 267876.399975
3936 267923.989789
3937 267971.579602
3938 268019.169415
3939 268066.759229
3940 268114.349042
3941 268161.938855
3942 268209.528668
3943 268257.118482
3944 268304.831207
3945 268361.639395
3946 268418.447584
3947 268475.255773
3948 268532.063961
3949 268588.87215
3950 268645.680339
3951 268702.488527
3952 268759.296716
3953 268815.596562
3954 268834.27909
3955 268852.961618
3956 268871.644146
3957 268890.326673
3958 268909.009201
3959 268927.691729
3960 268946.374257
3961 268965.056784
3962 268983.739312
3963 269002.42184
3964 269021.104368
3965 269039.786895
3966 269058.469423
3967 269077.151951
3968 269095.834479
3969 269114.517006
3970 269133.199534
3971 269151.882062
3972 269170.56459
3973 269189.247117
3974 269208.044515
3975 269235.342272
3976 269262.640028
3977 269289.937785
3978 269317.235542
3979 269344.533298
3980 269371.831055
3981 269399.128812
3982 269426.638772
3983 269469.851792
3984 269513.064811
3985 269556.27783
3986 269599.49085
3987 269642.703869
3988 269685.916889
3989 269729.129908
3990 269772.342927
3991 269815.555947
3992 269858.768966
3993 269901.981986
3994 269945.195005
3995 269988.408024
3996 270031.621044
3997 270074.834063
3998 270118.047083
3999 270161.260102
4000 270204.473121
4001 270247.686141
4002 270290.354332
4003 270292.705235
4004 270295.056138
4005 270297.407041
4006 270299.757944
4007 270302.108847
4008 270304.45975
4009 270306.810653
4010 270309.161556
4011 270311.512459
4012 270313.863362
4013 270316.214265
4014 270318.565168
4015 270320.954011
4016 270326.150409
4017 270331.346806
4018 270336.543204
4019 270341.739601
4020 270346.935999
4021 270352.132396
4022 270357.328794
4023 270362.525191
4024 270367.721589
4025 270372.964403
4026 270381.642098
4027 270390.319793
4028 270398.997488
4029 270407.675183
4030 270416.352878
4031 270425.030573
4032 270433.708268
4033 270442.385963
4034 270451.063657
4035 270459.741352
4036 270469.000422
4037 270521.281261
4038 270573.562099
4039 270625.842938
4040 270678.123776
4041 270730.404614
4042 270782.685453
4043 270834.966291
4044 270887.24713
4045 270939.527968
4046 270991.808806
4047 271044.089645
4048 271096.370483
4049 271148.651321
4050 271200.93216
4051 271253.212998
4052 271305.493837
4053 271357.774675
4054 271410.055513
4055 271462.336352
4056 271514.61719
4057 271566.898029
4058 271619.178867
4059 271671.459705
4060 271723.740544
4061 271776.021382
4062 271828.30222
4063 271880.583059
4064 271932.863897
4065 271985.144736
4066 272037.425574
4067 272089.706412
4068 272141.987251
4069 272194.268089
4070 272246.548928
4071 272298.829766
4072 272351.110604
4073 272403.113298
4074 272434.533321
4075 272465.953343
4076 272497.373365
4077 272528.793387
4078 272560.213409
4079 272591.633432
4080 272623.053454
4081 272654.473476
4082 272685.893498
4083 272717.31352
4084 272748.733543
4085 272780.153565
4086 272811.573587
4087 272842.993609
4088 272874.413631
4089 272905.833653
4090 272937.253676
4091 272968.673698
4092 273000.09372
4093 273031.513742
4094 273062.933764
4095 273094.353787
4096 273125.773809
4097 273157.193831
4098 273188.613853
4099 273220.033875
4100 273251.453897
4101 273282.87392
4102 273314.293942
4103 273345.713964
4104 273377.133986
4105 273408.554008
4106 273439.974031
4107 273471.394053
4108 273502.814075
4109 273534.234097
4110 273565.654119
4111 273597.074141
4112 273628.494164
4113 273659.914186
4114 273691.334208
4115 273722.75423
4116 273754.174252
4117 273785.594275
4118 273817.014297
4119 273848.434319
4120 273879.854341
4121 273911.274363
4122 273942.694386
4123 273974.114408
4124 274005.53443
4125 274036.954452
4126 274068.374474
4127 274099.794496
4128 274131.214519
4129 274162.634541
4130 274194.054563
4131 274225.474585
4132 274256.896661
4133 274288.470737
4134 274320.044812
4135 274351.618888
4136 274383.192963
4137 274414.767038
4138 274446.341114
4139 274477.915189
4140 274509.301723
4141 274526.890685
4142 274550.437442
4143 274573.984199
4144 274597.530956
4145 274621.494145
4146 274676.273325
4147 274731.052505
4148 274785.831685
4149 274840.610865
4150 274895.390045
4151 274950.169225
4152 275004.948405
4153 275059.727585
4154 275114.506765
4155 275169.285945
4156 275224.065125
4157 275278.844305
4158 275333.623485
4159 275388.402666
4160 275443.181846
4161 275497.961026
4162 275552.740206
4163 275607.519386
4164 275662.298566
4165 275717.077746
4166 275771.856926
4167 275826.123516
4168 275842.458476
4169 275858.793436
4170 275875.128395
4171 275891.463355
4172 275907.798315
4173 275924.133274
4174 275940.468234
4175 275956.803194
4176 275973.174427
4177 275992.229888
4178 276011.285349
4179 276030.34081
4180 276049.396272
4181 276068.451733
4182 276087.507194
4183 276106.562655
4184 276125.618117
4185 276144.673578
4186 276163.729039
4187 276182.7845
4188 276201.839962
4189 276220.895423
4190 276239.950884
4191 276259.006345
4192 276278.061806
4193 276297.117268
4194 276316.172729
4195 276335.22819
4196 276354.283651
4197 276373.339113
4198 276392.394574
4199 276411.450035
4200 276430.505496
4201 276449.560958
4202 276468.616419
4203 276488.228779
4204 276549.051638
4205 276609.874497
4206 276670.697356
4207 276731.520216
4208 276792.343075
4209 276853.165934
4210 276913.988794
4211 276974.811653
4212 277035.081789
4213 277054.450424
4214 277073.819058
4215 277093.187693
4216 277112.556327
4217 277131.924961
4218 277151.293596
4219 277170.66223
4220 277190.030865
4221 277209.399499
4222 277228.768134
4223 277248.136768
4224 277267.505403
4225 277286.874037
4226 277306.242671
4227 277325.611306
4228 277344.97994
4229 277364.348575
4230 277383.717209
4231 277403.085844
4232 277422.454478
4233 277441.823113
4234 277461.191747
4235 277480.560381
4236 277499.929016
4237 277519.29765
4238 277538.666285
4239 277559.261505
4240 277670.624066
4241 277781.986626
4242 277893.349187
4243 278004.711748
4244 278116.074308
4245 278227.436869
4246 278338.79943
4247 278450.16199
4248 278561.524551
4249 278671.758379
4250 278698.465976
4251 278725.173573
4252 278751.88117
4253 278778.588767
4254 278805.296364
4255 278832.003962
4256 278858.711559
4257 278885.419156
4258 278912.126753
4259 278938.83435
4260 278965.541947
4261 278992.249544
4262 279018.957141
4263 279045.664738
4264 279072.372336
4265 279099.079933
4266 279125.78753
4267 279152.495127
4268 279179.202724
4269 279205.910321
4270 279232.617918
4271 279259.325515
4272 279286.033112
4273 279312.417508
4274 279314.885013
4275 279317.352517
4276 279319.820021
4277 279322.287525
4278 279324.75503
4279 279327.222534
4280 279329.690038
4281 279332.157543
4282 279334.625047
4283 279337.092551
4284 279339.560055
4285 279342.02756
4286 279344.495064
4287 279346.962568
4288 279349.430073
4289 279351.897577
4290 279354.365081
4291 279356.832586
4292 279359.30009
4293 279361.767594
4294 279364.235098
4295 279366.702603
4296 279369.170107
4297 279371.637611
4298 279374.105116
4299 279376.57262
4300 279379.71876
4301 279433.054689
4302 279484.224786
4303 279535.394884
4304 279586.564982
4305 279637.735079
4306 279688.905177
4307 279740.075274
4308 279791.245372
4309 279842.41547
4310 279893.585567
4311 279944.755665
4312 279995.925762
4313 280047.09586
4314 280098.265958
4315 280149.436055
4316 280200.606153
4317 280251.77625
4318 280302.721417
4319 280337.021684
4320 280371.321951
